2024-11-19 08:20:45,621 [INFO] Episode: 0/50000
2024-11-19 08:20:49,801 [INFO] 
	average_step_reward: -0.013381090946495533
	distance_to_target_reward: -0.005477976053953171
	exception_punishment: 0.0
	approach_to_box_reward: -0.004374364730902016
	collision_punishment: -0.0035362503537908195
	reach_target_reward: 0.0
	push_reward: 7.500000265281415e-06
	ocb_reward: 0.0

2024-11-19 08:20:49,806 [INFO] 
	value_loss: 2.441390371322632
	policy_loss: -0.011346458932384706
	dist_entropy: 4.258890771865845
	actor_grad_norm: 0.5377150774002075
	critic_grad_norm: 2.2454278469085693
	ratio: 1.0019370198249817

2024-11-19 08:20:49,807 [INFO] Episode: 1/50000
2024-11-19 08:20:54,269 [INFO] Episode: 2/50000
