2024-11-19 08:59:05,459 [INFO] Episode: 0/50000
2024-11-19 08:59:09,921 [INFO] 
	average_step_reward: -0.013381107710301876
	distance_to_target_reward: -0.005477976053953171
	exception_punishment: 0.0
	approach_to_box_reward: -0.004379138154909015
	collision_punishment: -0.0035314936097711326
	hazard_punishment: 0.0
	reach_target_reward: 0.0
	push_reward: 7.500000265281415e-06
	ocb_reward: 0.0

2024-11-19 08:59:09,926 [INFO] 
	value_loss: 2.95654354095459
	policy_loss: -0.010738122272306328
	dist_entropy: 4.258616495132446
	actor_grad_norm: 0.5427022576332092
	critic_grad_norm: 2.5802884101867676
	ratio: 1.0017941832542419

2024-11-19 08:59:09,928 [INFO] Episode: 1/50000
2024-11-19 08:59:13,946 [INFO] Episode: 2/50000
2024-11-19 08:59:17,837 [INFO] Episode: 3/50000
2024-11-19 08:59:21,961 [INFO] Episode: 4/50000
2024-11-19 08:59:25,973 [INFO] Episode: 5/50000
2024-11-19 08:59:29,903 [INFO] 
	average_step_reward: -0.01359422504901886
	distance_to_target_reward: -0.007345154415816069
	exception_punishment: 0.0
	approach_to_box_reward: -0.010401743846014142
	collision_punishment: -0.0031497998500708492
	hazard_punishment: 0.0
	reach_target_reward: 0.0
	push_reward: 0.0
	ocb_reward: 0.007302471959264949

2024-11-19 08:59:29,907 [INFO] 
	value_loss: 0.01124903210438788
	policy_loss: -0.005578559751273105
	dist_entropy: 4.269847249984741
	actor_grad_norm: 0.7002665400505066
	critic_grad_norm: 0.4077109396457672
	ratio: 1.001175981760025

2024-11-19 08:59:29,908 [INFO] Episode: 6/50000
2024-11-19 08:59:34,135 [INFO] Episode: 7/50000
2024-11-19 08:59:38,302 [INFO] Episode: 8/50000
2024-11-19 08:59:42,116 [INFO] Episode: 9/50000
2024-11-19 08:59:46,182 [INFO] Episode: 10/50000
2024-11-19 08:59:50,268 [INFO] 
	average_step_reward: -0.01671001687645912
	distance_to_target_reward: -0.005671920720487833
	exception_punishment: 0.0
	approach_to_box_reward: -0.009083062533754856
	collision_punishment: -0.001955033987178467
	hazard_punishment: 0.0
	reach_target_reward: 0.0
	push_reward: 0.0
	ocb_reward: 0.0

2024-11-19 08:59:50,272 [INFO] 
	value_loss: 0.01712673408910632
	policy_loss: -0.004523110606707803
	dist_entropy: 4.266214990615845
	actor_grad_norm: 0.5303741693496704
	critic_grad_norm: 0.3062477111816406
	ratio: 0.9993817508220673

2024-11-19 08:59:50,274 [INFO] Episode: 11/50000
