2024-11-23 11:14:36,902 [INFO] Episode: 0/250000
2024-11-23 11:14:41,725 [INFO] 
	average_step_reward: 0.10034506022930145
	distance_to_target_reward: 0.03034508042037487
	exception_punishment: 0.0
	obstacle_reward_scale: -0.029582174494862556
	reach_target_reward: 0.0
	trajectory_rewards: 0.09958215057849884
	hazard_punishment: 0.0

2024-11-23 11:14:41,730 [INFO] 
	value_loss: 0.5788698673248291
	policy_loss: -0.012392516996712288
	dist_entropy: 2.8374627113342283
	actor_grad_norm: 0.5501906275749207
	critic_grad_norm: 1.2437442541122437
	ratio: 1.0026219129562377

2024-11-23 11:14:41,731 [INFO] Episode: 1/250000
2024-11-23 11:14:46,646 [INFO] Episode: 2/250000
2024-11-23 11:14:51,138 [INFO] Episode: 3/250000
2024-11-23 11:14:55,654 [INFO] Episode: 4/250000
2024-11-23 11:15:00,629 [INFO] Episode: 5/250000
2024-11-23 11:15:05,374 [INFO] 
	average_step_reward: 0.12557941675186157
	distance_to_target_reward: 0.03231610357761383
	exception_punishment: 0.0
	obstacle_reward_scale: -0.02977559342980385
	reach_target_reward: 0.0
	trajectory_rewards: 0.12303891032934189
	hazard_punishment: 0.0

2024-11-23 11:15:05,376 [INFO] 
	value_loss: 0.028153418190777303
	policy_loss: -0.0039008035061415926
	dist_entropy: 2.802683782577515
	actor_grad_norm: 0.5002685785293579
	critic_grad_norm: 0.5156195759773254
	ratio: 0.9988257586956024

2024-11-23 11:15:05,378 [INFO] Episode: 6/250000
2024-11-23 11:15:10,581 [INFO] Episode: 7/250000
2024-11-23 11:15:15,386 [INFO] Episode: 8/250000
2024-11-23 11:15:20,047 [INFO] Episode: 9/250000
2024-11-23 11:15:24,953 [INFO] Episode: 10/250000
2024-11-23 11:15:30,059 [INFO] 
	average_step_reward: 0.10492957383394241
	distance_to_target_reward: 0.034192368388175964
	exception_punishment: 0.0
	obstacle_reward_scale: -0.030285241082310677
	reach_target_reward: 0.0
	trajectory_rewards: 0.12790405750274658
	hazard_punishment: -0.026881610974669456

2024-11-23 11:15:30,061 [INFO] 
	value_loss: 0.010587961506098508
	policy_loss: -0.016219670805148745
	dist_entropy: 2.756521201133728
	actor_grad_norm: 0.8817735910415649
	critic_grad_norm: 0.22662614285945892
	ratio: 0.9944066166877746

2024-11-23 11:15:30,064 [INFO] Episode: 11/250000
