2024-11-15 08:19:13,288 [INFO] Episode: 0/50000
2024-11-15 08:19:17,329 [INFO] 
	average_step_reward: -0.013375724665820599
	distance_to_target_reward: -0.005467324052006006
	exception_punishment: 0.0
	approach_to_box_reward: -0.004372085174545646
	collision_punishment: -0.003536315585952252
	reach_target_reward: 0.0
	push_reward: 0.0
	ocb_reward: 0.0

2024-11-15 08:19:17,334 [INFO] 
	value_loss: 2.4905747890472414
	policy_loss: -0.011622616758570103
	dist_entropy: 4.258870029449463
	actor_grad_norm: 0.5332350730895996
	critic_grad_norm: 2.2511332035064697
	ratio: 1.0018994092941285

2024-11-15 08:19:17,335 [INFO] Episode: 1/50000
2024-11-15 08:19:21,927 [INFO] Episode: 2/50000
2024-11-15 08:19:26,155 [INFO] Episode: 3/50000
2024-11-15 08:19:30,422 [INFO] Episode: 4/50000
2024-11-15 08:19:34,781 [INFO] Episode: 5/50000
2024-11-15 08:19:38,963 [INFO] 
	average_step_reward: -0.012863582000136375
	distance_to_target_reward: -0.008391894400119781
	exception_punishment: 0.0
	approach_to_box_reward: -0.004268431817181408
	collision_punishment: -0.0042649265623185785
	reach_target_reward: 0.0
	push_reward: 7.500000265281415e-06
	ocb_reward: 0.004054170197341591

2024-11-15 08:19:38,966 [INFO] 
	value_loss: 0.09548940509557724
	policy_loss: -0.0042296269530197605
	dist_entropy: 4.256843137741089
	actor_grad_norm: 0.49161550402641296
	critic_grad_norm: 0.18911240994930267
	ratio: 1.0006741762161255

2024-11-15 08:19:38,968 [INFO] Episode: 6/50000
