2024-11-23 10:36:37,560 [INFO] Episode: 0/500000
2024-11-23 10:36:42,926 [INFO] 
	average_step_reward: 0.09085118770599365
	distance_to_target_reward: 0.027728738263249397
	exception_punishment: 0.0
	obstacle_reward_scale: -0.04162973910570145
	reach_target_reward: 0.0
	trajectory_rewards: 0.10475219041109085

2024-11-23 10:36:42,931 [INFO] 
	value_loss: 1.6645124077796936
	policy_loss: -0.021356493687257228
	dist_entropy: 2.8384169816970823
	actor_grad_norm: 0.7907353639602661
	critic_grad_norm: 1.8395894765853882
	ratio: 1.0074652552604675

2024-11-23 10:36:42,933 [INFO] Episode: 1/500000
