2024-11-26 08:56:18,115 [INFO] Episode: 0/250000
2024-11-26 08:56:23,079 [INFO] 
	average_step_reward: 0.10034506022930145
	distance_to_target_reward: 0.03034508042037487
	exception_punishment: 0.0
	obstacle_reward_scale: -0.029582174494862556
	reach_target_reward: 0.0
	trajectory_rewards: 0.09958215057849884
	hazard_punishment: 0.0

2024-11-26 08:56:23,084 [INFO] 
	value_loss: 0.5788698673248291
	policy_loss: -0.012392516996712288
	dist_entropy: 2.8374627113342283
	actor_grad_norm: 0.5501906275749207
	critic_grad_norm: 1.2437442541122437
	ratio: 1.0026219129562377

2024-11-26 08:56:23,085 [INFO] Episode: 1/250000
2024-11-26 08:56:27,156 [INFO] Episode: 2/250000
2024-11-26 08:56:32,206 [INFO] Episode: 3/250000
2024-11-26 08:56:37,388 [INFO] Episode: 4/250000
2024-11-26 08:56:42,404 [INFO] Episode: 5/250000
