2024-11-19 09:26:42,207 [INFO] Episode: 0/16666
2024-11-19 09:26:47,181 [INFO] 
	average_step_reward: -0.0503658726811409
	distance_to_target_reward: -0.006861804984509945
	exception_punishment: 0.0
	approach_to_box_reward: -0.004410639332296948
	collision_punishment: -0.003657860364764929
	hazard_punishment: -0.03743011678258578
	reach_target_reward: 0.0
	push_reward: 2.750000021478627e-05
	ocb_reward: 0.001967047316332658

2024-11-19 09:26:47,186 [INFO] 
	value_loss: 2.1796407461166383
	policy_loss: -0.006339189205939633
	dist_entropy: 4.260559511184693
	actor_grad_norm: 0.2891973853111267
	critic_grad_norm: 2.170968770980835
	ratio: 1.0004994869232178

2024-11-19 09:26:47,187 [INFO] Episode: 1/16666
2024-11-19 09:26:51,149 [INFO] Episode: 2/16666
2024-11-19 09:26:55,748 [INFO] Episode: 3/16666
2024-11-19 09:27:00,304 [INFO] Episode: 4/16666
2024-11-19 09:27:04,232 [INFO] Episode: 5/16666
2024-11-19 09:27:08,101 [INFO] 
	average_step_reward: -0.028888212516903877
	distance_to_target_reward: -0.007977072149515152
	exception_punishment: 0.0
	approach_to_box_reward: -0.004843786465935409
	collision_punishment: -0.004102338060426216
	hazard_punishment: -0.009499669621388117
	reach_target_reward: 0.0
	push_reward: 9.999999747378752e-06
	ocb_reward: -0.0024753475290102264

2024-11-19 09:27:08,105 [INFO] 
	value_loss: 0.0289770171046257
	policy_loss: -0.00604410827159878
	dist_entropy: 4.300267457962036
	actor_grad_norm: 0.4466939866542816
	critic_grad_norm: 0.20939722657203674
	ratio: 1.0011014103889466

2024-11-19 09:27:08,107 [INFO] Episode: 6/16666
2024-11-19 09:27:12,673 [INFO] Episode: 7/16666
2024-11-19 09:27:17,139 [INFO] Episode: 8/16666
2024-11-19 09:27:21,770 [INFO] Episode: 9/16666
2024-11-19 09:27:25,633 [INFO] Episode: 10/16666
